layer ak bk
1   1.000000E-02    0.000000E+00
2   2.000000E-02    0.000000E+00
3   3.270000E-02    0.000000E+00
4   4.758501E-02    0.000000E+00
5   6.600001E-02    0.000000E+00
6   8.934502E-02    0.000000E+00
7   1.197030E-01    0.000000E+00
8   1.594950E-01    0.000000E+00
9   2.113490E-01    0.000000E+00
10  2.785261E-01    0.000000E+00
11  3.650411E-01    0.000000E+00
12  4.758061E-01    0.000000E+00
13  6.167791E-01    0.000000E+00
14  7.951341E-01    0.000000E+00
15  1.019440E+00    0.000000E+00
16  1.300510E+00    0.000000E+00
17  1.650790E+00    0.000000E+00
18  2.084970E+00    0.000000E+00
19  2.620211E+00    0.000000E+00
20  3.276431E+00    0.000000E+00
21  4.076571E+00    0.000000E+00
22  5.046801E+00    0.000000E+00
23  6.216801E+00    0.000000E+00
24  7.619842E+00    0.000000E+00
25  9.292942E+00    0.000000E+00
26  1.127690E+01    0.000000E+00
27  1.364340E+01    0.000000E+00
28  1.645710E+01    0.000000E+00
29  1.979160E+01    0.000000E+00
30  2.373041E+01    0.000000E+00
31  2.836781E+01    0.000000E+00
32  3.381001E+01    0.000000E+00
33  4.017541E+01    0.000000E+00
34  4.764391E+01    0.000000E+00
35  5.638791E+01    0.000000E+00
36  6.660341E+01    0.000000E+00
37  7.851231E+01    0.000000E+00
38  9.236572E+01    0.000000E+00
39  1.086630E+02    0.000000E+00
40  1.278370E+02    0.000000E+00
41  1.503930E+02    0.000000E+00
42  1.769300E+02    8.175413E-09
43  2.011920E+02    6.960025E-03
44  2.168650E+02    2.801004E-02
45  2.243630E+02    6.372006E-02
46  2.238980E+02    1.136021E-01
47  2.187760E+02    1.562241E-01
48  2.121500E+02    2.003501E-01
49  2.032590E+02    2.467411E-01
50  1.930970E+02    2.944031E-01
51  1.816190E+02    3.433811E-01
52  1.696090E+02    3.928911E-01
53  1.562600E+02    4.437402E-01
54  1.429100E+02    4.945902E-01
55  1.286959E+02    5.463042E-01
56  1.189586E+02    5.810415E-01
57  1.091817E+02    6.158184E-01
58  9.936521E+01    6.506349E-01
59  8.909992E+01    6.858999E-01
60  7.883422E+01    7.211660E-01
61  7.062198E+01    7.493782E-01
62  6.436264E+01    7.706375E-01
63  5.805321E+01    7.919469E-01
64  5.169611E+01    8.133039E-01
65  4.533901E+01    8.346609E-01
66  3.898201E+01    8.560180E-01
67  3.257081E+01    8.774290E-01
68  2.609201E+01    8.989080E-01
69  1.961311E+01    9.203870E-01
70  1.313480E+01    9.418650E-01
71  6.593752E+00    9.634060E-01
72  4.804826E-02    9.849520E-01
73  0.000000E+00    1.000000E+00
